3.141592653589793238462643383279502884197169399375
10582097494459230781640628620899862803482534211706
79821480865132823066470938446095505822317253594081
28481117450284102701938521105559644622948954930381
96442881097566593344612847564823378678316527120190
91456485669234603486104543266482133936072602491412
73724587006606315588174881520920962829254091715364
36789259036001133053054882046652138414695194151160
94330572703657595919530921861173819326117931051185
48074462379962749567351885752724891227938183011949
12983367336244065664308602139494639522473719070217
98609437027705392171762931767523846748184676694051
32000568127145263560827785771342757789609173637178
72146844090122495343014654958537105079227968925892
35420199561121290219608640344181598136297747713099
60518707211349999998372978049951059731732816096318
59502445945534690830264252230825334468503526193118
81710100031378387528865875332083814206171776691473
03598253490428755468731159562863882353787593751957
78185778053217122680661300192787661119590921642019
89380952572010654858632788659361533818279682303019
52035301852968995773622599413891249721775283479131
51557485724245415069595082953311686172785588907509
83817546374649393192550604009277016711390098488240
12858361603563707660104710181942955596198946767837
44944825537977472684710404753464620804668425906949
12933136770289891521047521620569660240580381501935
11253382430035587640247496473263914199272604269922
79678235478163600934172164121992458631503028618297
45557067498385054945885869269956909272107975093029
55321165344987202755960236480665499119881834797753
56636980742654252786255181841757467289097777279380
00816470600161452491921732172147723501414419735685
48161361157352552133475741849468438523323907394143
33454776241686251898356948556209921922218427255025
42568876717904946016534668049886272327917860857843
83827967976681454100953883786360950680064225125205
11739298489608412848862694560424196528502221066118
63067442786220391949450471237137869609563643719172
87467764657573962413890865832645995813390478027590
09946576407895126946839835259570982582262052248940
77267194782684826014769909026401363944374553050682
03496252451749399651431429809190659250937221696461
51570985838741059788595977297549893016175392846813
82686838689427741559918559252459539594310499725246
80845987273644695848653836736222626099124608051243
88439045124413654976278079771569143599770012961608
94416948685558484063534220722258284886481584560285
06016842739452267467678895252138522549954666727823
98645659611635488623057745649803559363456817432411
25150760694794510965960940252288797108931456691368
67228748940560101503308617928680920874760917824938
58900971490967598526136554978189312978482168299894
87226588048575640142704775551323796414515237462343
64542858444795265867821051141354735739523113427166
10213596953623144295248493718711014576540359027993
44037420073105785390621983874478084784896833214457
13868751943506430218453191048481005370614680674919
27819119793995206141966342875444064374512371819217
99983910159195618146751426912397489409071864942319
61567945208095146550225231603881930142093762137855
95663893778708303906979207734672218256259966150142
15030680384477345492026054146659252014974428507325
18666002132434088190710486331734649651453905796268
56100550810665879699816357473638405257145910289706
41401109712062804390397595156771577004203378699360
07230558763176359421873125147120532928191826186125
86732157919841484882916447060957527069572209175671
16722910981690915280173506712748583222871835209353
96572512108357915136988209144421006751033467110314
12671113699086585163983150197016515116851714376576
18351556508849099898599823873455283316355076479185
35893226185489632132933089857064204675259070915481
41654985946163718027098199430992448895757128289059
23233260972997120844335732654893823911932597463667
30583604142813883032038249037589852437441702913276
56180937734440307074692112019130203303801976211011
00449293215160842444859637669838952286847831235526
58213144957685726243344189303968642624341077322697
80280731891544110104468232527162010526522721116603
96665573092547110557853763466820653109896526918620
56476931257058635662018558100729360659876486117910
45334885034611365768675324944166803962657978771855
60845529654126654085306143444318586769751456614068
00700237877659134401712749470420562230538994561314
07112700040785473326993908145466464588079727082668
30634328587856983052358089330657574067954571637752
54202114955761581400250126228594130216471550979259
23099079654737612551765675135751782966645477917450
11299614890304639947132962107340437518957359614589
01938971311179042978285647503203198691514028708085
99048010941214722131794764777262241425485454033215
71853061422881375850430633217518297986622371721591
60771669254748738986654949450114654062843366393790
03976926567214638530673609657120918076383271664162
74888800786925602902284721040317211860820419000422
96617119637792133757511495950156604963186294726547
36425230817703675159067350235072835405670403867435
13622224771589150495309844489333096340878076932599
39780541934144737744184263129860809988868741326047
215
